VARIABLES = "x", "v"
ZONE T="timezone" SOLUTIONTIME=0
I = 100, F=POINT
0.01 1
0.02 1
0.03 1
0.04 1
0.05 1
0.06 1
0.07 1
0.08 1
0.09 1
0.1 1
0.11 1
0.12 1
0.13 1
0.14 1
0.15 1
0.16 1
0.17 1
0.18 1
0.19 1
0.2 1
0.21 1
0.22 1
0.23 1
0.24 1
0.25 1
0.26 1
0.27 1
0.28 1
0.29 1
0.3 1
0.31 1
0.32 1
0.33 1
0.34 1
0.35 1
0.36 1
0.37 1
0.38 1
0.39 1
0.4 1
0.41 1
0.42 1
0.43 1
0.44 1
0.45 1
0.46 1
0.47 1
0.48 1
0.49 1
0.5 1
0.51 -1
0.52 -1
0.53 -1
0.54 -1
0.55 -1
0.56 -1
0.57 -1
0.58 -1
0.59 -1
0.6 -1
0.61 -1
0.62 -1
0.63 -1
0.64 -1
0.65 -1
0.66 -1
0.67 -1
0.68 -1
0.69 -1
0.7 -1
0.71 -1
0.72 -1
0.73 -1
0.74 -1
0.75 -1
0.76 -1
0.77 -1
0.78 -1
0.79 -1
0.8 -1
0.81 -1
0.82 -1
0.83 -1
0.84 -1
0.85 -1
0.86 -1
0.87 -1
0.88 -1
0.89 -1
0.9 -1
0.91 -1
0.92 -1
0.93 -1
0.94 -1
0.95 -1
0.96 -1
0.97 -1
0.98 -1
0.99 -1
1 -1
ZONE T="timezone" SOLUTIONTIME=0.006
I = 100, F=POINT
0.01 1
0.02 1
0.03 1
0.04 1
0.05 1
0.06 1
0.07 1
0.08 1
0.09 1
0.1 1
0.11 1
0.12 1
0.13 1
0.14 1
0.15 1
0.16 1
0.17 1
0.18 1
0.19 1
0.2 1
0.21 1
0.22 1
0.23 1
0.24 1
0.25 1
0.26 1
0.27 1
0.28 1
0.29 1
0.3 1
0.31 1
0.32 1
0.33 1
0.34 1
0.35 1
0.36 1
0.37 1
0.38 1
0.39 1
0.4 1
0.41 1
0.42 1
0.43 1
0.44 1
0.45 1
0.46 1
0.47 1
0.48 1
0.49 0.52
0.5 0.28
0.51 -1
0.52 -1
0.53 -1
0.54 -1
0.55 -1
0.56 -1
0.57 -1
0.58 -1
0.59 -1
0.6 -1
0.61 -1
0.62 -1
0.63 -1
0.64 -1
0.65 -1
0.66 -1
0.67 -1
0.68 -1
0.69 -1
0.7 -1
0.71 -1
0.72 -1
0.73 -1
0.74 -1
0.75 -1
0.76 -1
0.77 -1
0.78 -1
0.79 -1
0.8 -1
0.81 -1
0.82 -1
0.83 -1
0.84 -1
0.85 -1
0.86 -1
0.87 -1
0.88 -1
0.89 -1
0.9 -1
0.91 -1
0.92 -1
0.93 -1
0.94 -1
0.95 -1
0.96 -1
0.97 -1
0.98 -1
0.99 -1
1 -1
ZONE T="timezone" SOLUTIONTIME=0.012
I = 100, F=POINT
0.01 1
0.02 1
0.03 1
0.04 1
0.05 1
0.06 1
0.07 1
0.08 1
0.09 1
0.1 1
0.11 1
0.12 1
0.13 1
0.14 1
0.15 1
0.16 1
0.17 1
0.18 1
0.19 1
0.2 1
0.21 1
0.22 1
0.23 1
0.24 1
0.25 1
0.26 1
0.27 1
0.28 1
0.29 1
0.3 1
0.31 1
0.32 1
0.33 1
0.34 1
0.35 1
0.36 1
0.37 1
0.38 1
0.39 1
0.4 1
0.41 1
0.42 1
0.43 1
0.44 1
0.45 1
0.46 1
0.47 0.923
0.48 0.5841
0.49 0.2461
0.5 -0.1532
0.51 -1
0.52 -1
0.53 -1
0.54 -1
0.55 -1
0.56 -1
0.57 -1
0.58 -1
0.59 -1
0.6 -1
0.61 -1
0.62 -1
0.63 -1
0.64 -1
0.65 -1
0.66 -1
0.67 -1
0.68 -1
0.69 -1
0.7 -1
0.71 -1
0.72 -1
0.73 -1
0.74 -1
0.75 -1
0.76 -1
0.77 -1
0.78 -1
0.79 -1
0.8 -1
0.81 -1
0.82 -1
0.83 -1
0.84 -1
0.85 -1
0.86 -1
0.87 -1
0.88 -1
0.89 -1
0.9 -1
0.91 -1
0.92 -1
0.93 -1
0.94 -1
0.95 -1
0.96 -1
0.97 -1
0.98 -1
0.99 -1
1 -1
ZONE T="timezone" SOLUTIONTIME=0.018
I = 100, F=POINT
0.01 1
0.02 1
0.03 1
0.04 1
0.05 1
0.06 1
0.07 1
0.08 1
0.09 1
0.1 1
0.11 1
0.12 1
0.13 1
0.14 1
0.15 1
0.16 1
0.17 1
0.18 1
0.19 1
0.2 1
0.21 1
0.22 1
0.23 1
0.24 1
0.25 1
0.26 1
0.27 1
0.28 1
0.29 1
0.3 1
0.31 1
0.32 1
0.33 1
0.34 1
0.35 1
0.36 1
0.37 1
0.38 1
0.39 1
0.4 1
0.41 1
0.42 1
0.43 1
0.44 1
0.45 0.9998
0.46 0.8888
0.47 0.6681
0.48 0.3985
0.49 -0.1493
0.5 -0.4059
0.51 -1
0.52 -1
0.53 -1
0.54 -1
0.55 -1
0.56 -1
0.57 -1
0.58 -1
0.59 -1
0.6 -1
0.61 -1
0.62 -1
0.63 -1
0.64 -1
0.65 -1
0.66 -1
0.67 -1
0.68 -1
0.69 -1
0.7 -1
0.71 -1
0.72 -1
0.73 -1
0.74 -1
0.75 -1
0.76 -1
0.77 -1
0.78 -1
0.79 -1
0.8 -1
0.81 -1
0.82 -1
0.83 -1
0.84 -1
0.85 -1
0.86 -1
0.87 -1
0.88 -1
0.89 -1
0.9 -1
0.91 -1
0.92 -1
0.93 -1
0.94 -1
0.95 -1
0.96 -1
0.97 -1
0.98 -1
0.99 -1
1 -1
ZONE T="timezone" SOLUTIONTIME=0.024
I = 100, F=POINT
0.01 1
0.02 1
0.03 1
0.04 1
0.05 1
0.06 1
0.07 1
0.08 1
0.09 1
0.1 1
0.11 1
0.12 1
0.13 1
0.14 1
0.15 1
0.16 1
0.17 1
0.18 1
0.19 1
0.2 1
0.21 1
0.22 1
0.23 1
0.24 1
0.25 1
0.26 1
0.27 1
0.28 1
0.29 1
0.3 1
0.31 1
0.32 1
0.33 1
0.34 1
0.35 1
0.36 1
0.37 1
0.38 1
0.39 1
0.4 1
0.41 1
0.42 1
0.43 1
0.44 0.9951
0.45 0.8825
0.46 0.7328
0.47 0.4472
0.48 0.1162
0.49 -0.3891
0.5 -0.5846
0.51 -1
0.52 -1
0.53 -1
0.54 -1
0.55 -1
0.56 -1
0.57 -1
0.58 -1
0.59 -1
0.6 -1
0.61 -1
0.62 -1
0.63 -1
0.64 -1
0.65 -1
0.66 -1
0.67 -1
0.68 -1
0.69 -1
0.7 -1
0.71 -1
0.72 -1
0.73 -1
0.74 -1
0.75 -1
0.76 -1
0.77 -1
0.78 -1
0.79 -1
0.8 -1
0.81 -1
0.82 -1
0.83 -1
0.84 -1
0.85 -1
0.86 -1
0.87 -1
0.88 -1
0.89 -1
0.9 -1
0.91 -1
0.92 -1
0.93 -1
0.94 -1
0.95 -1
0.96 -1
0.97 -1
0.98 -1
0.99 -1
1 -1
ZONE T="timezone" SOLUTIONTIME=0.03
I = 100, F=POINT
0.01 1
0.02 1
0.03 1
0.04 1
0.05 1
0.06 1
0.07 1
0.08 1
0.09 1
0.1 1
0.11 1
0.12 1
0.13 1
0.14 1
0.15 1
0.16 1
0.17 1
0.18 1
0.19 1
0.2 1
0.21 1
0.22 1
0.23 1
0.24 1
0.25 1
0.26 1
0.27 1
0.28 1
0.29 1
0.3 1
0.31 1
0.32 1
0.33 1
0.34 1
0.35 1
0.36 1
0.37 1
0.38 1
0.39 1
0.4 1
0.41 1
0.42 1
0.43 0.9852
0.44 0.89
0.45 0.776
0.46 0.5305
0.47 0.2018
0.48 -0.1034
0.49 -0.5734
0.5 -0.7066
0.51 -1
0.52 -1
0.53 -1
0.54 -1
0.55 -1
0.56 -1
0.57 -1
0.58 -1
0.59 -1
0.6 -1
0.61 -1
0.62 -1
0.63 -1
0.64 -1
0.65 -1
0.66 -1
0.67 -1
0.68 -1
0.69 -1
0.7 -1
0.71 -1
0.72 -1
0.73 -1
0.74 -1
0.75 -1
0.76 -1
0.77 -1
0.78 -1
0.79 -1
0.8 -1
0.81 -1
0.82 -1
0.83 -1
0.84 -1
0.85 -1
0.86 -1
0.87 -1
0.88 -1
0.89 -1
0.9 -1
0.91 -1
0.92 -1
0.93 -1
0.94 -1
0.95 -1
0.96 -1
0.97 -1
0.98 -1
0.99 -1
1 -1
ZONE T="timezone" SOLUTIONTIME=0.036
I = 100, F=POINT
0.01 1
0.02 1
0.03 1
0.04 1
0.05 1
0.06 1
0.07 1
0.08 1
0.09 1
0.1 1
0.11 1
0.12 1
0.13 1
0.14 1
0.15 1
0.16 1
0.17 1
0.18 1
0.19 1
0.2 1
0.21 1
0.22 1
0.23 1
0.24 1
0.25 1
0.26 1
0.27 1
0.28 1
0.29 1
0.3 1
0.31 1
0.32 1
0.33 1
0.34 1
0.35 1
0.36 1
0.37 1
0.38 1
0.39 1
0.4 1
0.41 1
0.42 0.9768
0.43 0.9021
0.44 0.8097
0.45 0.5871
0.46 0.3358
0.47 -0.02832
0.48 -0.2833
0.49 -0.7072
0.5 -0.7927
0.51 -1
0.52 -1
0.53 -1
0.54 -1
0.55 -1
0.56 -1
0.57 -1
0.58 -1
0.59 -1
0.6 -1
0.61 -1
0.62 -1
0.63 -1
0.64 -1
0.65 -1
0.66 -1
0.67 -1
0.68 -1
0.69 -1
0.7 -1
0.71 -1
0.72 -1
0.73 -1
0.74 -1
0.75 -1
0.76 -1
0.77 -1
0.78 -1
0.79 -1
0.8 -1
0.81 -1
0.82 -1
0.83 -1
0.84 -1
0.85 -1
0.86 -1
0.87 -1
0.88 -1
0.89 -1
0.9 -1
0.91 -1
0.92 -1
0.93 -1
0.94 -1
0.95 -1
0.96 -1
0.97 -1
0.98 -1
0.99 -1
1 -1
ZONE T="timezone" SOLUTIONTIME=0.042
I = 100, F=POINT
0.01 1
0.02 1
0.03 1
0.04 1
0.05 1
0.06 1
0.07 1
0.08 1
0.09 1
0.1 1
0.11 1
0.12 1
0.13 1
0.14 1
0.15 1
0.16 1
0.17 1
0.18 1
0.19 1
0.2 1
0.21 1
0.22 1
0.23 1
0.24 1
0.25 1
0.26 1
0.27 1
0.28 1
0.29 1
0.3 1
0.31 1
0.32 1
0.33 1
0.34 1
0.35 1
0.36 1
0.37 1
0.38 1
0.39 1
0.4 0.9998
0.41 0.9717
0.42 0.916
0.43 0.8306
0.44 0.6455
0.45 0.4141
0.46 0.1357
0.47 -0.2262
0.48 -0.4308
0.49 -0.8022
0.5 -0.8542
0.51 -1
0.52 -1
0.53 -1
0.54 -1
0.55 -1
0.56 -1
0.57 -1
0.58 -1
0.59 -1
0.6 -1
0.61 -1
0.62 -1
0.63 -1
0.64 -1
0.65 -1
0.66 -1
0.67 -1
0.68 -1
0.69 -1
0.7 -1
0.71 -1
0.72 -1
0.73 -1
0.74 -1
0.75 -1
0.76 -1
0.77 -1
0.78 -1
0.79 -1
0.8 -1
0.81 -1
0.82 -1
0.83 -1
0.84 -1
0.85 -1
0.86 -1
0.87 -1
0.88 -1
0.89 -1
0.9 -1
0.91 -1
0.92 -1
0.93 -1
0.94 -1
0.95 -1
0.96 -1
0.97 -1
0.98 -1
0.99 -1
1 -1
ZONE T="timezone" SOLUTIONTIME=0.048
I = 100, F=POINT
0.01 1
0.02 1
0.03 1
0.04 1
0.05 1
0.06 1
0.07 1
0.08 1
0.09 1
0.1 1
0.11 1
0.12 1
0.13 1
0.14 1
0.15 1
0.16 1
0.17 1
0.18 1
0.19 1
0.2 1
0.21 1
0.22 1
0.23 1
0.24 1
0.25 1
0.26 1
0.27 1
0.28 1
0.29 1
0.3 1
0.31 1
0.32 1
0.33 1
0.34 1
0.35 1
0.36 1
0.37 1
0.38 1
0.39 0.9986
0.4 0.9702
0.41 0.9301
0.42 0.8464
0.43 0.6921
0.44 0.4968
0.45 0.2201
0.46 -0.04099
0.47 -0.3954
0.48 -0.5516
0.49 -0.8681
0.5 -0.8982
0.51 -1
0.52 -1
0.53 -1
0.54 -1
0.55 -1
0.56 -1
0.57 -1
0.58 -1
0.59 -1
0.6 -1
0.61 -1
0.62 -1
0.63 -1
0.64 -1
0.65 -1
0.66 -1
0.67 -1
0.68 -1
0.69 -1
0.7 -1
0.71 -1
0.72 -1
0.73 -1
0.74 -1
0.75 -1
0.76 -1
0.77 -1
0.78 -1
0.79 -1
0.8 -1
0.81 -1
0.82 -1
0.83 -1
0.84 -1
0.85 -1
0.86 -1
0.87 -1
0.88 -1
0.89 -1
0.9 -1
0.91 -1
0.92 -1
0.93 -1
0.94 -1
0.95 -1
0.96 -1
0.97 -1
0.98 -1
0.99 -1
1 -1
ZONE T="timezone" SOLUTIONTIME=0.054
I = 100, F=POINT
0.01 1
0.02 1
0.03 1
0.04 1
0.05 1
0.06 1
0.07 1
0.08 1
0.09 1
0.1 1
0.11 1
0.12 1
0.13 1
0.14 1
0.15 1
0.16 1
0.17 1
0.18 1
0.19 1
0.2 1
0.21 1
0.22 1
0.23 1
0.24 1
0.25 1
0.26 1
0.27 1
0.28 1
0.29 1
0.3 1
0.31 1
0.32 1
0.33 1
0.34 1
0.35 1
0.36 1
0.37 1
0.38 0.9964
0.39 0.9714
0.4 0.9426
0.41 0.8592
0.42 0.7352
0.43 0.5561
0.44 0.3263
0.45 0.03987
0.46 -0.1992
0.47 -0.5347
0.48 -0.6504
0.49 -0.913
0.5 -0.9296
0.51 -1
0.52 -1
0.53 -1
0.54 -1
0.55 -1
0.56 -1
0.57 -1
0.58 -1
0.59 -1
0.6 -1
0.61 -1
0.62 -1
0.63 -1
0.64 -1
0.65 -1
0.66 -1
0.67 -1
0.68 -1
0.69 -1
0.7 -1
0.71 -1
0.72 -1
0.73 -1
0.74 -1
0.75 -1
0.76 -1
0.77 -1
0.78 -1
0.79 -1
0.8 -1
0.81 -1
0.82 -1
0.83 -1
0.84 -1
0.85 -1
0.86 -1
0.87 -1
0.88 -1
0.89 -1
0.9 -1
0.91 -1
0.92 -1
0.93 -1
0.94 -1
0.95 -1
0.96 -1
0.97 -1
0.98 -1
0.99 -1
1 -1
ZONE T="timezone" SOLUTIONTIME=0.06
I = 100, F=POINT
0.01 1
0.02 1
0.03 1
0.04 1
0.05 1
0.06 1
0.07 1
0.08 1
0.09 1
0.1 1
0.11 1
0.12 1
0.13 1
0.14 1
0.15 1
0.16 1
0.17 1
0.18 1
0.19 1
0.2 1
0.21 1
0.22 1
0.23 1
0.24 1
0.25 1
0.26 1
0.27 1
0.28 1
0.29 1
0.3 1
0.31 1
0.32 1
0.33 1
0.34 1
0.35 1
0.36 1
0.37 0.9941
0.38 0.974
0.39 0.9511
0.4 0.8724
0.41 0.7717
0.42 0.6111
0.43 0.4001
0.44 0.1635
0.45 -0.129
0.46 -0.336
0.47 -0.6477
0.48 -0.7304
0.49 -0.9431
0.5 -0.9517
0.51 -1
0.52 -1
0.53 -1
0.54 -1
0.55 -1
0.56 -1
0.57 -1
0.58 -1
0.59 -1
0.6 -1
0.61 -1
0.62 -1
0.63 -1
0.64 -1
0.65 -1
0.66 -1
0.67 -1
0.68 -1
0.69 -1
0.7 -1
0.71 -1
0.72 -1
0.73 -1
0.74 -1
0.75 -1
0.76 -1
0.77 -1
0.78 -1
0.79 -1
0.8 -1
0.81 -1
0.82 -1
0.83 -1
0.84 -1
0.85 -1
0.86 -1
0.87 -1
0.88 -1
0.89 -1
0.9 -1
0.91 -1
0.92 -1
0.93 -1
0.94 -1
0.95 -1
0.96 -1
0.97 -1
0.98 -1
0.99 -1
1 -1
ZONE T="timezone" SOLUTIONTIME=0.066
I = 100, F=POINT
0.01 1
0.02 1
0.03 1
0.04 1
0.05 1
0.06 1
0.07 1
0.08 1
0.09 1
0.1 1
0.11 1
0.12 1
0.13 1
0.14 1
0.15 1
0.16 1
0.17 1
0.18 1
0.19 1
0.2 1
0.21 1
0.22 1
0.23 1
0.24 1
0.25 1
0.26 1
0.27 1
0.28 1
0.29 1
0.3 1
0.31 1
0.32 1
0.33 1
0.34 1
0.35 1
0.36 0.9926
0.37 0.9773
0.38 0.9556
0.39 0.8861
0.4 0.8032
0.41 0.656
0.42 0.475
0.43 0.242
0.44 0.008307
0.45 -0.2806
0.46 -0.4533
0.47 -0.7376
0.48 -0.7946
0.49 -0.963
0.5 -0.9671
0.51 -1
0.52 -1
0.53 -1
0.54 -1
0.55 -1
0.56 -1
0.57 -1
0.58 -1
0.59 -1
0.6 -1
0.61 -1
0.62 -1
0.63 -1
0.64 -1
0.65 -1
0.66 -1
0.67 -1
0.68 -1
0.69 -1
0.7 -1
0.71 -1
0.72 -1
0.73 -1
0.74 -1
0.75 -1
0.76 -1
0.77 -1
0.78 -1
0.79 -1
0.8 -1
0.81 -1
0.82 -1
0.83 -1
0.84 -1
0.85 -1
0.86 -1
0.87 -1
0.88 -1
0.89 -1
0.9 -1
0.91 -1
0.92 -1
0.93 -1
0.94 -1
0.95 -1
0.96 -1
0.97 -1
0.98 -1
0.99 -1
1 -1
ZONE T="timezone" SOLUTIONTIME=0.072
I = 100, F=POINT
0.01 1
0.02 1
0.03 1
0.04 1
0.05 1
0.06 1
0.07 1
0.08 1
0.09 1
0.1 1
0.11 1
0.12 1
0.13 1
0.14 1
0.15 1
0.16 1
0.17 1
0.18 1
0.19 1
0.2 1
0.21 1
0.22 1
0.23 1
0.24 1
0.25 1
0.26 1
0.27 1
0.28 1
0.29 1
0.3 1
0.31 1
0.32 1
0.33 1
0.34 0.9997
0.35 0.9921
0.36 0.9811
0.37 0.9577
0.38 0.8998
0.39 0.8285
0.4 0.6972
0.41 0.5349
0.42 0.3303
0.43 0.08712
0.44 -0.1345
0.45 -0.4138
0.46 -0.553
0.47 -0.8079
0.48 -0.8452
0.49 -0.9761
0.5 -0.9778
0.51 -1
0.52 -1
0.53 -1
0.54 -1
0.55 -1
0.56 -1
0.57 -1
0.58 -1
0.59 -1
0.6 -1
0.61 -1
0.62 -1
0.63 -1
0.64 -1
0.65 -1
0.66 -1
0.67 -1
0.68 -1
0.69 -1
0.7 -1
0.71 -1
0.72 -1
0.73 -1
0.74 -1
0.75 -1
0.76 -1
0.77 -1
0.78 -1
0.79 -1
0.8 -1
0.81 -1
0.82 -1
0.83 -1
0.84 -1
0.85 -1
0.86 -1
0.87 -1
0.88 -1
0.89 -1
0.9 -1
0.91 -1
0.92 -1
0.93 -1
0.94 -1
0.95 -1
0.96 -1
0.97 -1
0.98 -1
0.99 -1
1 -1
ZONE T="timezone" SOLUTIONTIME=0.078
I = 100, F=POINT
0.01 1
0.02 1
0.03 1
0.04 1
0.05 1
0.06 1
0.07 1
0.08 1
0.09 1
0.1 1
0.11 1
0.12 1
0.13 1
0.14 1
0.15 1
0.16 1
0.17 1
0.18 1
0.19 1
0.2 1
0.21 1
0.22 1
0.23 1
0.24 1
0.25 1
0.26 1
0.27 1
0.28 1
0.29 1
0.3 1
0.31 1
0.32 1
0.33 0.9991
0.34 0.9924
0.35 0.9847
0.36 0.9593
0.37 0.9129
0.38 0.8486
0.39 0.733
0.4 0.5902
0.41 0.3984
0.42 0.1878
0.43 -0.06109
0.44 -0.263
0.45 -0.5287
0.46 -0.6374
0.47 -0.8618
0.48 -0.8848
0.49 -0.9847
0.5 -0.9851
0.51 -1
0.52 -1
0.53 -1
0.54 -1
0.55 -1
0.56 -1
0.57 -1
0.58 -1
0.59 -1
0.6 -1
0.61 -1
0.62 -1
0.63 -1
0.64 -1
0.65 -1
0.66 -1
0.67 -1
0.68 -1
0.69 -1
0.7 -1
0.71 -1
0.72 -1
0.73 -1
0.74 -1
0.75 -1
0.76 -1
0.77 -1
0.78 -1
0.79 -1
0.8 -1
0.81 -1
0.82 -1
0.83 -1
0.84 -1
0.85 -1
0.86 -1
0.87 -1
0.88 -1
0.89 -1
0.9 -1
0.91 -1
0.92 -1
0.93 -1
0.94 -1
0.95 -1
0.96 -1
0.97 -1
0.98 -1
0.99 -1
1 -1
ZONE T="timezone" SOLUTIONTIME=0.084
I = 100, F=POINT
0.01 1
0.02 1
0.03 1
0.04 1
0.05 1
0.06 1
0.07 1
0.08 1
0.09 1
0.1 1
0.11 1
0.12 1
0.13 1
0.14 1
0.15 1
0.16 1
0.17 1
0.18 1
0.19 1
0.2 1
0.21 1
0.22 1
0.23 1
0.24 1
0.25 1
0.26 1
0.27 1
0.28 1
0.29 1
0.3 1
0.31 1
0.32 0.9985
0.33 0.993
0.34 0.9873
0.35 0.9615
0.36 0.9253
0.37 0.8646
0.38 0.7653
0.39 0.6365
0.4 0.4654
0.41 0.2616
0.42 0.04877
0.43 -0.1985
0.44 -0.377
0.45 -0.6261
0.46 -0.7084
0.47 -0.9022
0.48 -0.9152
0.49 -0.9902
0.5 -0.99
0.51 -1
0.52 -1
0.53 -1
0.54 -1
0.55 -1
0.56 -1
0.57 -1
0.58 -1
0.59 -1
0.6 -1
0.61 -1
0.62 -1
0.63 -1
0.64 -1
0.65 -1
0.66 -1
0.67 -1
0.68 -1
0.69 -1
0.7 -1
0.71 -1
0.72 -1
0.73 -1
0.74 -1
0.75 -1
0.76 -1
0.77 -1
0.78 -1
0.79 -1
0.8 -1
0.81 -1
0.82 -1
0.83 -1
0.84 -1
0.85 -1
0.86 -1
0.87 -1
0.88 -1
0.89 -1
0.9 -1
0.91 -1
0.92 -1
0.93 -1
0.94 -1
0.95 -1
0.96 -1
0.97 -1
0.98 -1
0.99 -1
1 -1
ZONE T="timezone" SOLUTIONTIME=0.09
I = 100, F=POINT
0.01 1
0.02 1
0.03 1
0.04 1
0.05 1
0.06 1
0.07 1
0.08 1
0.09 1
0.1 1
0.11 1
0.12 1
0.13 1
0.14 1
0.15 1
0.16 1
0.17 1
0.18 1
0.19 1
0.2 1
0.21 1
0.22 1
0.23 1
0.24 1
0.25 1
0.26 1
0.27 1
0.28 1
0.29 1
0.3 1
0.31 0.998
0.32 0.9938
0.33 0.9884
0.34 0.9645
0.35 0.9364
0.36 0.8782
0.37 0.7938
0.38 0.6775
0.39 0.5218
0.4 0.3389
0.41 0.1238
0.42 -0.08202
0.43 -0.3237
0.44 -0.477
0.45 -0.7075
0.46 -0.7678
0.47 -0.9319
0.48 -0.9383
0.49 -0.9938
0.5 -0.9934
0.51 -1
0.52 -1
0.53 -1
0.54 -1
0.55 -1
0.56 -1
0.57 -1
0.58 -1
0.59 -1
0.6 -1
0.61 -1
0.62 -1
0.63 -1
0.64 -1
0.65 -1
0.66 -1
0.67 -1
0.68 -1
0.69 -1
0.7 -1
0.71 -1
0.72 -1
0.73 -1
0.74 -1
0.75 -1
0.76 -1
0.77 -1
0.78 -1
0.79 -1
0.8 -1
0.81 -1
0.82 -1
0.83 -1
0.84 -1
0.85 -1
0.86 -1
0.87 -1
0.88 -1
0.89 -1
0.9 -1
0.91 -1
0.92 -1
0.93 -1
0.94 -1
0.95 -1
0.96 -1
0.97 -1
0.98 -1
0.99 -1
1 -1
ZONE T="timezone" SOLUTIONTIME=0.096
I = 100, F=POINT
0.01 1
0.02 1
0.03 1
0.04 1
0.05 1
0.06 1
0.07 1
0.08 1
0.09 1
0.1 1
0.11 1
0.12 1
0.13 1
0.14 1
0.15 1
0.16 1
0.17 1
0.18 1
0.19 1
0.2 1
0.21 1
0.22 1
0.23 1
0.24 1
0.25 1
0.26 1
0.27 1
0.28 1
0.29 0.9999
0.3 0.9979
0.31 0.9948
0.32 0.9885
0.33 0.9681
0.34 0.9453
0.35 0.8906
0.36 0.8193
0.37 0.7127
0.38 0.5741
0.39 0.4026
0.4 0.2099
0.41 -0.009217
0.42 -0.2031
0.43 -0.4355
0.44 -0.5638
0.45 -0.7744
0.46 -0.8171
0.47 -0.9532
0.48 -0.9556
0.49 -0.9961
0.5 -0.9956
0.51 -1
0.52 -1
0.53 -1
0.54 -1
0.55 -1
0.56 -1
0.57 -1
0.58 -1
0.59 -1
0.6 -1
0.61 -1
0.62 -1
0.63 -1
0.64 -1
0.65 -1
0.66 -1
0.67 -1
0.68 -1
0.69 -1
0.7 -1
0.71 -1
0.72 -1
0.73 -1
0.74 -1
0.75 -1
0.76 -1
0.77 -1
0.78 -1
0.79 -1
0.8 -1
0.81 -1
0.82 -1
0.83 -1
0.84 -1
0.85 -1
0.86 -1
0.87 -1
0.88 -1
0.89 -1
0.9 -1
0.91 -1
0.92 -1
0.93 -1
0.94 -1
0.95 -1
0.96 -1
0.97 -1
0.98 -1
0.99 -1
1 -1
ZONE T="timezone" SOLUTIONTIME=0.102
I = 100, F=POINT
0.01 1
0.02 1
0.03 1
0.04 1
0.05 1
0.06 1
0.07 1
0.08 1
0.09 1
0.1 1
0.11 1
0.12 1
0.13 1
0.14 1
0.15 1
0.16 1
0.17 1
0.18 1
0.19 1
0.2 1
0.21 1
0.22 1
0.23 1
0.24 1
0.25 1
0.26 1
0.27 1
0.28 0.9997
0.29 0.998
0.3 0.9958
0.31 0.9883
0.32 0.9719
0.33 0.9518
0.34 0.9024
0.35 0.8414
0.36 0.7441
0.37 0.6198
0.38 0.4635
0.39 0.2787
0.4 0.08345
0.41 -0.1355
0.42 -0.3132
0.43 -0.5341
0.44 -0.6385
0.45 -0.8287
0.46 -0.8575
0.47 -0.9683
0.48 -0.9683
0.49 -0.9976
0.5 -0.9971
0.51 -1
0.52 -1
0.53 -1
0.54 -1
0.55 -1
0.56 -1
0.57 -1
0.58 -1
0.59 -1
0.6 -1
0.61 -1
0.62 -1
0.63 -1
0.64 -1
0.65 -1
0.66 -1
0.67 -1
0.68 -1
0.69 -1
0.7 -1
0.71 -1
0.72 -1
0.73 -1
0.74 -1
0.75 -1
0.76 -1
0.77 -1
0.78 -1
0.79 -1
0.8 -1
0.81 -1
0.82 -1
0.83 -1
0.84 -1
0.85 -1
0.86 -1
0.87 -1
0.88 -1
0.89 -1
0.9 -1
0.91 -1
0.92 -1
0.93 -1
0.94 -1
0.95 -1
0.96 -1
0.97 -1
0.98 -1
0.99 -1
1 -1
ZONE T="timezone" SOLUTIONTIME=0.108
I = 100, F=POINT
0.01 1
0.02 1
0.03 1
0.04 1
0.05 1
0.06 1
0.07 1
0.08 1
0.09 1
0.1 1
0.11 1
0.12 1
0.13 1
0.14 1
0.15 1
0.16 1
0.17 1
0.18 1
0.19 1
0.2 1
0.21 1
0.22 1
0.23 1
0.24 1
0.25 1
0.26 1
0.27 0.9996
0.28 0.9982
0.29 0.9966
0.3 0.9885
0.31 0.9759
0.32 0.9563
0.33 0.9135
0.34 0.8603
0.35 0.772
0.36 0.6611
0.37 0.5165
0.38 0.348
0.39 0.1544
0.4 -0.03796
0.41 -0.2531
0.42 -0.4121
0.43 -0.6197
0.44 -0.7025
0.45 -0.872
0.46 -0.8902
0.47 -0.9789
0.48 -0.9776
0.49 -0.9985
0.5 -0.9981
0.51 -1
0.52 -1
0.53 -1
0.54 -1
0.55 -1
0.56 -1
0.57 -1
0.58 -1
0.59 -1
0.6 -1
0.61 -1
0.62 -1
0.63 -1
0.64 -1
0.65 -1
0.66 -1
0.67 -1
0.68 -1
0.69 -1
0.7 -1
0.71 -1
0.72 -1
0.73 -1
0.74 -1
0.75 -1
0.76 -1
0.77 -1
0.78 -1
0.79 -1
0.8 -1
0.81 -1
0.82 -1
0.83 -1
0.84 -1
0.85 -1
0.86 -1
0.87 -1
0.88 -1
0.89 -1
0.9 -1
0.91 -1
0.92 -1
0.93 -1
0.94 -1
0.95 -1
0.96 -1
0.97 -1
0.98 -1
0.99 -1
1 -1
ZONE T="timezone" SOLUTIONTIME=0.114
I = 100, F=POINT
0.01 1
0.02 1
0.03 1
0.04 1
0.05 1
0.06 1
0.07 1
0.08 1
0.09 1
0.1 1
0.11 1
0.12 1
0.13 1
0.14 1
0.15 1
0.16 1
0.17 1
0.18 1
0.19 1
0.2 1
0.21 1
0.22 1
0.23 1
0.24 1
0.25 1
0.26 0.9995
0.27 0.9984
0.28 0.9968
0.29 0.9892
0.3 0.9796
0.31 0.9597
0.32 0.9239
0.33 0.8761
0.34 0.7972
0.35 0.6974
0.36 0.5655
0.37 0.4078
0.38 0.2303
0.39 0.03261
0.4 -0.1523
0.41 -0.3607
0.42 -0.5
0.43 -0.6932
0.44 -0.757
0.45 -0.906
0.46 -0.9164
0.47 -0.9861
0.48 -0.9843
0.49 -0.9991
0.5 -0.9988
0.51 -1
0.52 -1
0.53 -1
0.54 -1
0.55 -1
0.56 -1
0.57 -1
0.58 -1
0.59 -1
0.6 -1
0.61 -1
0.62 -1
0.63 -1
0.64 -1
0.65 -1
0.66 -1
0.67 -1
0.68 -1
0.69 -1
0.7 -1
0.71 -1
0.72 -1
0.73 -1
0.74 -1
0.75 -1
0.76 -1
0.77 -1
0.78 -1
0.79 -1
0.8 -1
0.81 -1
0.82 -1
0.83 -1
0.84 -1
0.85 -1
0.86 -1
0.87 -1
0.88 -1
0.89 -1
0.9 -1
0.91 -1
0.92 -1
0.93 -1
0.94 -1
0.95 -1
0.96 -1
0.97 -1
0.98 -1
0.99 -1
1 -1
ZONE T="timezone" SOLUTIONTIME=0.12
I = 100, F=POINT
0.01 1
0.02 1
0.03 1
0.04 1
0.05 1
0.06 1
0.07 1
0.08 1
0.09 1
0.1 1
0.11 1
0.12 1
0.13 1
0.14 1
0.15 1
0.16 1
0.17 1
0.18 1
0.19 1
0.2 1
0.21 1
0.22 1
0.23 1
0.24 0.9999
0.25 0.9995
0.26 0.9986
0.27 0.9968
0.28 0.9902
0.29 0.9828
0.3 0.9629
0.31 0.9335
0.32 0.8892
0.33 0.8197
0.34 0.7297
0.35 0.6091
0.36 0.4645
0.37 0.2946
0.38 0.1137
0.39 -0.08465
0.4 -0.2584
0.41 -0.458
0.42 -0.5773
0.43 -0.7554
0.44 -0.8031
0.45 -0.9322
0.46 -0.937
0.47 -0.991
0.48 -0.9891
0.49 -0.9995
0.5 -0.9993
0.51 -0.9999
0.52 -1
0.53 -1
0.54 -1
0.55 -1
0.56 -1
0.57 -1
0.58 -1
0.59 -1
0.6 -1
0.61 -1
0.62 -1
0.63 -1
0.64 -1
0.65 -1
0.66 -1
0.67 -1
0.68 -1
0.69 -1
0.7 -1
0.71 -1
0.72 -1
0.73 -1
0.74 -1
0.75 -1
0.76 -1
0.77 -1
0.78 -1
0.79 -1
0.8 -1
0.81 -1
0.82 -1
0.83 -1
0.84 -1
0.85 -1
0.86 -1
0.87 -1
0.88 -1
0.89 -1
0.9 -1
0.91 -1
0.92 -1
0.93 -1
0.94 -1
0.95 -1
0.96 -1
0.97 -1
0.98 -1
0.99 -1
1 -1
ZONE T="timezone" SOLUTIONTIME=0.126
I = 100, F=POINT
0.01 1
0.02 1
0.03 1
0.04 1
0.05 1
0.06 1
0.07 1
0.08 1
0.09 1
0.1 1
0.11 1
0.12 1
0.13 1
0.14 1
0.15 1
0.16 1
0.17 1
0.18 1
0.19 1
0.2 1
0.21 1
0.22 1
0.23 0.9999
0.24 0.9995
0.25 0.9988
0.26 0.9967
0.27 0.9913
0.28 0.985
0.29 0.9662
0.3 0.9422
0.31 0.9005
0.32 0.84
0.33 0.7582
0.34 0.6488
0.35 0.5149
0.36 0.3579
0.37 0.1807
0.38 0.0001767
0.39 -0.1955
0.4 -0.3554
0.41 -0.5447
0.42 -0.6448
0.43 -0.8075
0.44 -0.8419
0.45 -0.9519
0.46 -0.9531
0.47 -0.9943
0.48 -0.9925
0.49 -0.9996
0.5 -0.9996
0.51 -0.9999
0.52 -1
0.53 -1
0.54 -1
0.55 -1
0.56 -1
0.57 -1
0.58 -1
0.59 -1
0.6 -1
0.61 -1
0.62 -1
0.63 -1
0.64 -1
0.65 -1
0.66 -1
0.67 -1
0.68 -1
0.69 -1
0.7 -1
0.71 -1
0.72 -1
0.73 -1
0.74 -1
0.75 -1
0.76 -1
0.77 -1
0.78 -1
0.79 -1
0.8 -1
0.81 -1
0.82 -1
0.83 -1
0.84 -1
0.85 -1
0.86 -1
0.87 -1
0.88 -1
0.89 -1
0.9 -1
0.91 -1
0.92 -1
0.93 -1
0.94 -1
0.95 -1
0.96 -1
0.97 -1
0.98 -1
0.99 -1
1 -1
ZONE T="timezone" SOLUTIONTIME=0.132
I = 100, F=POINT
0.01 1
0.02 1
0.03 1
0.04 1
0.05 1
0.06 1
0.07 1
0.08 1
0.09 1
0.1 1
0.11 1
0.12 1
0.13 1
0.14 1
0.15 1
0.16 1
0.17 1
0.18 1
0.19 1
0.2 1
0.21 1
0.22 0.9999
0.23 0.9996
0.24 0.9989
0.25 0.9967
0.26 0.9924
0.27 0.9863
0.28 0.9697
0.29 0.9495
0.3 0.9107
0.31 0.8582
0.32 0.7833
0.33 0.6844
0.34 0.5614
0.35 0.414
0.36 0.2493
0.37 0.06781
0.38 -0.1082
0.39 -0.2988
0.4 -0.4432
0.41 -0.6211
0.42 -0.7033
0.43 -0.8505
0.44 -0.8743
0.45 -0.9665
0.46 -0.9654
0.47 -0.9965
0.48 -0.9949
0.49 -0.9997
0.5 -0.9997
0.51 -0.9999
0.52 -1
0.53 -1
0.54 -1
0.55 -1
0.56 -1
0.57 -1
0.58 -1
0.59 -1
0.6 -1
0.61 -1
0.62 -1
0.63 -1
0.64 -1
0.65 -1
0.66 -1
0.67 -1
0.68 -1
0.69 -1
0.7 -1
0.71 -1
0.72 -1
0.73 -1
0.74 -1
0.75 -1
0.76 -1
0.77 -1
0.78 -1
0.79 -1
0.8 -1
0.81 -1
0.82 -1
0.83 -1
0.84 -1
0.85 -1
0.86 -1
0.87 -1
0.88 -1
0.89 -1
0.9 -1
0.91 -1
0.92 -1
0.93 -1
0.94 -1
0.95 -1
0.96 -1
0.97 -1
0.98 -1
0.99 -1
1 -1
ZONE T="timezone" SOLUTIONTIME=0.138
I = 100, F=POINT
0.01 1
0.02 1
0.03 1
0.04 1
0.05 1
0.06 1
0.07 1
0.08 1
0.09 1
0.1 1
0.11 1
0.12 1
0.13 1
0.14 1
0.15 1
0.16 1
0.17 1
0.18 1
0.19 1
0.2 1
0.21 0.9999
0.22 0.9996
0.23 0.999
0.24 0.9969
0.25 0.9934
0.26 0.9873
0.27 0.9731
0.28 0.9555
0.29 0.9201
0.3 0.8743
0.31 0.8058
0.32 0.7167
0.33 0.6032
0.34 0.467
0.35 0.3098
0.36 0.1406
0.37 -0.04192
0.38 -0.2103
0.39 -0.3938
0.4 -0.5218
0.41 -0.6877
0.42 -0.7538
0.43 -0.8857
0.44 -0.901
0.45 -0.9771
0.46 -0.9748
0.47 -0.9979
0.48 -0.9966
0.49 -0.9998
0.5 -0.9998
0.51 -0.9999
0.52 -1
0.53 -1
0.54 -1
0.55 -1
0.56 -1
0.57 -1
0.58 -1
0.59 -1
0.6 -1
0.61 -1
0.62 -1
0.63 -1
0.64 -1
0.65 -1
0.66 -1
0.67 -1
0.68 -1
0.69 -1
0.7 -1
0.71 -1
0.72 -1
0.73 -1
0.74 -1
0.75 -1
0.76 -1
0.77 -1
0.78 -1
0.79 -1
0.8 -1
0.81 -1
0.82 -1
0.83 -1
0.84 -1
0.85 -1
0.86 -1
0.87 -1
0.88 -1
0.89 -1
0.9 -1
0.91 -1
0.92 -1
0.93 -1
0.94 -1
0.95 -1
0.96 -1
0.97 -1
0.98 -1
0.99 -1
1 -1
ZONE T="timezone" SOLUTIONTIME=0.144
I = 100, F=POINT
0.01 1
0.02 1
0.03 1
0.04 1
0.05 1
0.06 1
0.07 1
0.08 1
0.09 1
0.1 1
0.11 1
0.12 1
0.13 1
0.14 1
0.15 1
0.16 1
0.17 1
0.18 1
0.19 1
0.2 0.9999
0.21 0.9997
0.22 0.999
0.23 0.9972
0.24 0.9944
0.25 0.9881
0.26 0.9763
0.27 0.9602
0.28 0.9288
0.29 0.8883
0.3 0.8259
0.31 0.7456
0.32 0.6413
0.33 0.5148
0.34 0.3682
0.35 0.2039
0.36 0.03392
0.37 -0.147
0.38 -0.305
0.39 -0.4801
0.4 -0.5917
0.41 -0.7452
0.42 -0.797
0.43 -0.914
0.44 -0.9229
0.45 -0.9847
0.46 -0.9818
0.47 -0.9987
0.48 -0.9977
0.49 -0.9998
0.5 -0.9999
0.51 -0.9999
0.52 -1
0.53 -1
0.54 -1
0.55 -1
0.56 -1
0.57 -1
0.58 -1
0.59 -1
0.6 -1
0.61 -1
0.62 -1
0.63 -1
0.64 -1
0.65 -1
0.66 -1
0.67 -1
0.68 -1
0.69 -1
0.7 -1
0.71 -1
0.72 -1
0.73 -1
0.74 -1
0.75 -1
0.76 -1
0.77 -1
0.78 -1
0.79 -1
0.8 -1
0.81 -1
0.82 -1
0.83 -1
0.84 -1
0.85 -1
0.86 -1
0.87 -1
0.88 -1
0.89 -1
0.9 -1
0.91 -1
0.92 -1
0.93 -1
0.94 -1
0.95 -1
0.96 -1
0.97 -1
0.98 -1
0.99 -1
1 -1
ZONE T="timezone" SOLUTIONTIME=0.15
I = 100, F=POINT
0.01 1
0.02 1
0.03 1
0.04 1
0.05 1
0.06 1
0.07 1
0.08 1
0.09 1
0.1 1
0.11 1
0.12 1
0.13 1
0.14 1
0.15 1
0.16 1
0.17 1
0.18 1
0.19 0.9999
0.2 0.9997
0.21 0.999
0.22 0.9975
0.23 0.995
0.24 0.989
0.25 0.9793
0.26 0.9641
0.27 0.9367
0.28 0.9004
0.29 0.8441
0.3 0.7716
0.31 0.6758
0.32 0.5592
0.33 0.4211
0.34 0.2669
0.35 0.09841
0.36 -0.06916
0.37 -0.2461
0.38 -0.392
0.39 -0.5577
0.4 -0.6533
0.41 -0.7944
0.42 -0.8337
0.43 -0.9364
0.44 -0.9406
0.45 -0.9901
0.46 -0.987
0.47 -0.9993
0.48 -0.9985
0.49 -0.9998
0.5 -0.9999
0.51 -1
0.52 -1
0.53 -1
0.54 -1
0.55 -1
0.56 -1
0.57 -1
0.58 -1
0.59 -1
0.6 -1
0.61 -1
0.62 -1
0.63 -1
0.64 -1
0.65 -1
0.66 -1
0.67 -1
0.68 -1
0.69 -1
0.7 -1
0.71 -1
0.72 -1
0.73 -1
0.74 -1
0.75 -1
0.76 -1
0.77 -1
0.78 -1
0.79 -1
0.8 -1
0.81 -1
0.82 -1
0.83 -1
0.84 -1
0.85 -1
0.86 -1
0.87 -1
0.88 -1
0.89 -1
0.9 -1
0.91 -1
0.92 -1
0.93 -1
0.94 -1
0.95 -1
0.96 -1
0.97 -1
0.98 -1
0.99 -1
1 -1
ZONE T="timezone" SOLUTIONTIME=0.156
I = 100, F=POINT
0.01 1
0.02 1
0.03 1
0.04 1
0.05 1
0.06 1
0.07 1
0.08 1
0.09 1
0.1 1
0.11 1
0.12 1
0.13 1
0.14 1
0.15 1
0.16 1
0.17 1
0.18 0.9999
0.19 0.9997
0.2 0.9991
0.21 0.9978
0.22 0.9955
0.23 0.9901
0.24 0.982
0.25 0.9675
0.26 0.944
0.27 0.911
0.28 0.8606
0.29 0.7948
0.3 0.7072
0.31 0.5995
0.32 0.4708
0.33 0.3239
0.34 0.165
0.35 -0.004981
0.36 -0.1673
0.37 -0.3385
0.38 -0.4711
0.39 -0.6268
0.4 -0.7072
0.41 -0.8359
0.42 -0.8649
0.43 -0.9538
0.44 -0.9547
0.45 -0.9937
0.46 -0.9907
0.47 -0.9996
0.48 -0.999
0.49 -0.9998
0.5 -0.9999
0.51 -1
0.52 -1
0.53 -1
0.54 -1
0.55 -1
0.56 -1
0.57 -1
0.58 -1
0.59 -1
0.6 -1
0.61 -1
0.62 -1
0.63 -1
0.64 -1
0.65 -1
0.66 -1
0.67 -1
0.68 -1
0.69 -1
0.7 -1
0.71 -1
0.72 -1
0.73 -1
0.74 -1
0.75 -1
0.76 -1
0.77 -1
0.78 -1
0.79 -1
0.8 -1
0.81 -1
0.82 -1
0.83 -1
0.84 -1
0.85 -1
0.86 -1
0.87 -1
0.88 -1
0.89 -1
0.9 -1
0.91 -1
0.92 -1
0.93 -1
0.94 -1
0.95 -1
0.96 -1
0.97 -1
0.98 -1
0.99 -1
1 -1
ZONE T="timezone" SOLUTIONTIME=0.162
I = 100, F=POINT
0.01 1
0.02 1
0.03 1
0.04 1
0.05 1
0.06 1
0.07 1
0.08 1
0.09 1
0.1 1
0.11 1
0.12 1
0.13 1
0.14 1
0.15 1
0.16 1
0.17 0.9999
0.18 0.9997
0.19 0.9992
0.2 0.9981
0.21 0.9959
0.22 0.9911
0.23 0.9841
0.24 0.9707
0.25 0.9504
0.26 0.9202
0.27 0.8753
0.28 0.8156
0.29 0.7356
0.3 0.6364
0.31 0.5163
0.32 0.3785
0.33 0.2248
0.34 0.06419
0.35 -0.1049
0.36 -0.2596
0.37 -0.4238
0.38 -0.5424
0.39 -0.6876
0.4 -0.7542
0.41 -0.8707
0.42 -0.8911
0.43 -0.9672
0.44 -0.9658
0.45 -0.9962
0.46 -0.9935
0.47 -0.9997
0.48 -0.9994
0.49 -0.9998
0.5 -1
0.51 -1
0.52 -1
0.53 -1
0.54 -1
0.55 -1
0.56 -1
0.57 -1
0.58 -1
0.59 -1
0.6 -1
0.61 -1
0.62 -1
0.63 -1
0.64 -1
0.65 -1
0.66 -1
0.67 -1
0.68 -1
0.69 -1
0.7 -1
0.71 -1
0.72 -1
0.73 -1
0.74 -1
0.75 -1
0.76 -1
0.77 -1
0.78 -1
0.79 -1
0.8 -1
0.81 -1
0.82 -1
0.83 -1
0.84 -1
0.85 -1
0.86 -1
0.87 -1
0.88 -1
0.89 -1
0.9 -1
0.91 -1
0.92 -1
0.93 -1
0.94 -1
0.95 -1
0.96 -1
0.97 -1
0.98 -1
0.99 -1
1 -1
ZONE T="timezone" SOLUTIONTIME=0.168
I = 100, F=POINT
0.01 1
0.02 1
0.03 1
0.04 1
0.05 1
0.06 1
0.07 1
0.08 1
0.09 1
0.1 1
0.11 1
0.12 1
0.13 1
0.14 1
0.15 1
0.16 0.9999
0.17 0.9997
0.18 0.9992
0.19 0.9983
0.2 0.9962
0.21 0.9922
0.22 0.9858
0.23 0.9737
0.24 0.9561
0.25 0.9284
0.26 0.8886
0.27 0.8342
0.28 0.7614
0.29 0.67
0.3 0.5586
0.31 0.4286
0.32 0.2834
0.33 0.1256
0.34 -0.03408
0.35 -0.2002
0.36 -0.3454
0.37 -0.5015
0.38 -0.6062
0.39 -0.7408
0.4 -0.7948
0.41 -0.8994
0.42 -0.913
0.43 -0.9772
0.44 -0.9744
0.45 -0.9979
0.46 -0.9954
0.47 -0.9998
0.48 -0.9996
0.49 -0.9998
0.5 -1
0.51 -1
0.52 -1
0.53 -1
0.54 -1
0.55 -1
0.56 -1
0.57 -1
0.58 -1
0.59 -1
0.6 -1
0.61 -1
0.62 -1
0.63 -1
0.64 -1
0.65 -1
0.66 -1
0.67 -1
0.68 -1
0.69 -1
0.7 -1
0.71 -1
0.72 -1
0.73 -1
0.74 -1
0.75 -1
0.76 -1
0.77 -1
0.78 -1
0.79 -1
0.8 -1
0.81 -1
0.82 -1
0.83 -1
0.84 -1
0.85 -1
0.86 -1
0.87 -1
0.88 -1
0.89 -1
0.9 -1
0.91 -1
0.92 -1
0.93 -1
0.94 -1
0.95 -1
0.96 -1
0.97 -1
0.98 -1
0.99 -1
1 -1
ZONE T="timezone" SOLUTIONTIME=0.174
I = 100, F=POINT
0.01 1
0.02 1
0.03 1
0.04 1
0.05 1
0.06 1
0.07 1
0.08 1
0.09 1
0.1 1
0.11 1
0.12 1
0.13 1
0.14 1
0.15 0.9999
0.16 0.9997
0.17 0.9993
0.18 0.9985
0.19 0.9965
0.2 0.9931
0.21 0.9872
0.22 0.9765
0.23 0.961
0.24 0.9358
0.25 0.9004
0.26 0.8508
0.27 0.7848
0.28 0.7007
0.29 0.5973
0.3 0.4756
0.31 0.3372
0.32 0.1873
0.33 0.02765
0.34 -0.1286
0.35 -0.29
0.36 -0.4245
0.37 -0.5718
0.38 -0.6628
0.39 -0.7869
0.4 -0.8297
0.41 -0.923
0.42 -0.9311
0.43 -0.9846
0.44 -0.981
0.45 -0.999
0.46 -0.9968
0.47 -0.9998
0.48 -0.9998
0.49 -0.9999
0.5 -1
0.51 -1
0.52 -1
0.53 -1
0.54 -1
0.55 -1
0.56 -1
0.57 -1
0.58 -1
0.59 -1
0.6 -1
0.61 -1
0.62 -1
0.63 -1
0.64 -1
0.65 -1
0.66 -1
0.67 -1
0.68 -1
0.69 -1
0.7 -1
0.71 -1
0.72 -1
0.73 -1
0.74 -1
0.75 -1
0.76 -1
0.77 -1
0.78 -1
0.79 -1
0.8 -1
0.81 -1
0.82 -1
0.83 -1
0.84 -1
0.85 -1
0.86 -1
0.87 -1
0.88 -1
0.89 -1
0.9 -1
0.91 -1
0.92 -1
0.93 -1
0.94 -1
0.95 -1
0.96 -1
0.97 -1
0.98 -1
0.99 -1
1 -1
ZONE T="timezone" SOLUTIONTIME=0.18
I = 100, F=POINT
0.01 1
0.02 1
0.03 1
0.04 1
0.05 1
0.06 1
0.07 1
0.08 1
0.09 1
0.1 1
0.11 1
0.12 1
0.13 1
0.14 0.9999
0.15 0.9997
0.16 0.9994
0.17 0.9986
0.18 0.9969
0.19 0.9939
0.2 0.9885
0.21 0.9791
0.22 0.9652
0.23 0.9425
0.24 0.9109
0.25 0.8658
0.26 0.8059
0.27 0.7286
0.28 0.633
0.29 0.519
0.3 0.3886
0.31 0.244
0.32 0.09166
0.33 -0.06771
0.34 -0.2183
0.35 -0.3738
0.36 -0.4966
0.37 -0.6348
0.38 -0.7128
0.39 -0.8265
0.4 -0.8596
0.41 -0.9419
0.42 -0.9459
0.43 -0.99
0.44 -0.986
0.45 -0.9996
0.46 -0.9978
0.47 -0.9998
0.48 -0.9998
0.49 -0.9999
0.5 -1
0.51 -1
0.52 -1
0.53 -1
0.54 -1
0.55 -1
0.56 -1
0.57 -1
0.58 -1
0.59 -1
0.6 -1
0.61 -1
0.62 -1
0.63 -1
0.64 -1
0.65 -1
0.66 -1
0.67 -1
0.68 -1
0.69 -1
0.7 -1
0.71 -1
0.72 -1
0.73 -1
0.74 -1
0.75 -1
0.76 -1
0.77 -1
0.78 -1
0.79 -1
0.8 -1
0.81 -1
0.82 -1
0.83 -1
0.84 -1
0.85 -1
0.86 -1
0.87 -1
0.88 -1
0.89 -1
0.9 -1
0.91 -1
0.92 -1
0.93 -1
0.94 -1
0.95 -1
0.96 -1
0.97 -1
0.98 -1
0.99 -1
1 -1
ZONE T="timezone" SOLUTIONTIME=0.186
I = 100, F=POINT
0.01 1
0.02 1
0.03 1
0.04 1
0.05 1
0.06 1
0.07 1
0.08 1
0.09 1
0.1 1
0.11 1
0.12 1
0.13 0.9999
0.14 0.9998
0.15 0.9994
0.16 0.9987
0.17 0.9972
0.18 0.9946
0.19 0.9896
0.2 0.9815
0.21 0.9688
0.22 0.9487
0.23 0.9202
0.24 0.8793
0.25 0.8249
0.26 0.754
0.27 0.6656
0.28 0.5594
0.29 0.4362
0.3 0.2989
0.31 0.1501
0.32 -0.002238
0.33 -0.1595
0.34 -0.3027
0.35 -0.4512
0.36 -0.5618
0.37 -0.6908
0.38 -0.7567
0.39 -0.8601
0.4 -0.885
0.41 -0.9571
0.42 -0.9579
0.43 -0.9939
0.44 -0.9898
0.45 -1
0.46 -0.9985
0.47 -0.9998
0.48 -0.9999
0.49 -0.9999
0.5 -1
0.51 -1
0.52 -1
0.53 -1
0.54 -1
0.55 -1
0.56 -1
0.57 -1
0.58 -1
0.59 -1
0.6 -1
0.61 -1
0.62 -1
0.63 -1
0.64 -1
0.65 -1
0.66 -1
0.67 -1
0.68 -1
0.69 -1
0.7 -1
0.71 -1
0.72 -1
0.73 -1
0.74 -1
0.75 -1
0.76 -1
0.77 -1
0.78 -1
0.79 -1
0.8 -1
0.81 -1
0.82 -1
0.83 -1
0.84 -1
0.85 -1
0.86 -1
0.87 -1
0.88 -1
0.89 -1
0.9 -1
0.91 -1
0.92 -1
0.93 -1
0.94 -1
0.95 -1
0.96 -1
0.97 -1
0.98 -1
0.99 -1
1 -1
ZONE T="timezone" SOLUTIONTIME=0.192
I = 100, F=POINT
0.01 1
0.02 1
0.03 1
0.04 1
0.05 1
0.06 1
0.07 1
0.08 1
0.09 1
0.1 1
0.11 1
0.12 0.9999
0.13 0.9998
0.14 0.9995
0.15 0.9988
0.16 0.9975
0.17 0.9951
0.18 0.9907
0.19 0.9836
0.2 0.972
0.21 0.9542
0.22 0.9285
0.23 0.8916
0.24 0.8421
0.25 0.7771
0.26 0.6956
0.27 0.5966
0.28 0.4809
0.29 0.35
0.3 0.2079
0.31 0.05696
0.32 -0.09327
0.33 -0.2467
0.34 -0.3812
0.35 -0.5221
0.36 -0.6205
0.37 -0.7402
0.38 -0.7949
0.39 -0.8885
0.4 -0.9064
0.41 -0.9689
0.42 -0.9676
0.43 -0.9966
0.44 -0.9925
0.45 -1
0.46 -0.999
0.47 -0.9998
0.48 -0.9999
0.49 -1
0.5 -1
0.51 -1
0.52 -1
0.53 -1
0.54 -1
0.55 -1
0.56 -1
0.57 -1
0.58 -1
0.59 -1
0.6 -1
0.61 -1
0.62 -1
0.63 -1
0.64 -1
0.65 -1
0.66 -1
0.67 -1
0.68 -1
0.69 -1
0.7 -1
0.71 -1
0.72 -1
0.73 -1
0.74 -1
0.75 -1
0.76 -1
0.77 -1
0.78 -1
0.79 -1
0.8 -1
0.81 -1
0.82 -1
0.83 -1
0.84 -1
0.85 -1
0.86 -1
0.87 -1
0.88 -1
0.89 -1
0.9 -1
0.91 -1
0.92 -1
0.93 -1
0.94 -1
0.95 -1
0.96 -1
0.97 -1
0.98 -1
0.99 -1
1 -1
ZONE T="timezone" SOLUTIONTIME=0.198
I = 100, F=POINT
0.01 1
0.02 1
0.03 1
0.04 1
0.05 1
0.06 1
0.07 1
0.08 1
0.09 1
0.1 1
0.11 0.9999
0.12 0.9998
0.13 0.9995
0.14 0.9989
0.15 0.9978
0.16 0.9956
0.17 0.9917
0.18 0.9854
0.19 0.9749
0.2 0.9591
0.21 0.9358
0.22 0.9026
0.23 0.8576
0.24 0.7981
0.25 0.723
0.26 0.631
0.27 0.5224
0.28 0.3986
0.29 0.2617
0.3 0.1168
0.31 -0.03433
0.32 -0.1805
0.33 -0.3289
0.34 -0.4536
0.35 -0.5864
0.36 -0.6729
0.37 -0.7833
0.38 -0.8281
0.39 -0.9122
0.4 -0.9244
0.41 -0.9781
0.42 -0.9752
0.43 -0.9985
0.44 -0.9945
0.45 -1
0.46 -0.9993
0.47 -0.9998
0.48 -0.9999
0.49 -1
0.5 -1
0.51 -1
0.52 -1
0.53 -1
0.54 -1
0.55 -1
0.56 -1
0.57 -1
0.58 -1
0.59 -1
0.6 -1
0.61 -1
0.62 -1
0.63 -1
0.64 -1
0.65 -1
0.66 -1
0.67 -1
0.68 -1
0.69 -1
0.7 -1
0.71 -1
0.72 -1
0.73 -1
0.74 -1
0.75 -1
0.76 -1
0.77 -1
0.78 -1
0.79 -1
0.8 -1
0.81 -1
0.82 -1
0.83 -1
0.84 -1
0.85 -1
0.86 -1
0.87 -1
0.88 -1
0.89 -1
0.9 -1
0.91 -1
0.92 -1
0.93 -1
0.94 -1
0.95 -1
0.96 -1
0.97 -1
0.98 -1
0.99 -1
1 -1
ZONE T="timezone" SOLUTIONTIME=0.204
I = 100, F=POINT
0.01 1
0.02 1
0.03 1
0.04 1
0.05 1
0.06 1
0.07 1
0.08 1
0.09 1
0.1 0.9999
0.11 0.9998
0.12 0.9996
0.13 0.999
0.14 0.998
0.15 0.9961
0.16 0.9926
0.17 0.9869
0.18 0.9776
0.19 0.9635
0.2 0.9424
0.21 0.9125
0.22 0.8715
0.23 0.8173
0.24 0.7481
0.25 0.6627
0.26 0.5611
0.27 0.4439
0.28 0.3135
0.29 0.1725
0.3 0.02691
0.31 -0.1228
0.32 -0.2632
0.33 -0.4056
0.34 -0.5199
0.35 -0.6443
0.36 -0.7194
0.37 -0.8208
0.38 -0.8567
0.39 -0.9318
0.4 -0.9394
0.41 -0.9851
0.42 -0.9811
0.43 -0.9997
0.44 -0.996
0.45 -1
0.46 -0.9996
0.47 -0.9998
0.48 -0.9999
0.49 -1
0.5 -1
0.51 -1
0.52 -1
0.53 -1
0.54 -1
0.55 -1
0.56 -1
0.57 -1
0.58 -1
0.59 -1
0.6 -1
0.61 -1
0.62 -1
0.63 -1
0.64 -1
0.65 -1
0.66 -1
0.67 -1
0.68 -1
0.69 -1
0.7 -1
0.71 -1
0.72 -1
0.73 -1
0.74 -1
0.75 -1
0.76 -1
0.77 -1
0.78 -1
0.79 -1
0.8 -1
0.81 -1
0.82 -1
0.83 -1
0.84 -1
0.85 -1
0.86 -1
0.87 -1
0.88 -1
0.89 -1
0.9 -1
0.91 -1
0.92 -1
0.93 -1
0.94 -1
0.95 -1
0.96 -1
0.97 -1
0.98 -1
0.99 -1
1 -1
ZONE T="timezone" SOLUTIONTIME=0.21
I = 100, F=POINT
0.01 1
0.02 1
0.03 1
0.04 1
0.05 1
0.06 1
0.07 1
0.08 1
0.09 0.9999
0.1 0.9998
0.11 0.9996
0.12 0.9991
0.13 0.9982
0.14 0.9965
0.15 0.9934
0.16 0.9883
0.17 0.9799
0.18 0.9673
0.19 0.9483
0.2 0.9214
0.21 0.8841
0.22 0.8346
0.23 0.771
0.24 0.6919
0.25 0.5969
0.26 0.4865
0.27 0.3621
0.28 0.227
0.29 0.08362
0.3 -0.06086
0.31 -0.2076
0.32 -0.3409
0.33 -0.4765
0.34 -0.5801
0.35 -0.696
0.36 -0.7605
0.37 -0.8531
0.38 -0.8813
0.39 -0.9478
0.4 -0.9518
0.41 -0.9904
0.42 -0.9857
0.43 -1.001
0.44 -0.997
0.45 -1
0.46 -0.9998
0.47 -0.9999
0.48 -1
0.49 -1
0.5 -1
0.51 -1
0.52 -1
0.53 -1
0.54 -1
0.55 -1
0.56 -1
0.57 -1
0.58 -1
0.59 -1
0.6 -1
0.61 -1
0.62 -1
0.63 -1
0.64 -1
0.65 -1
0.66 -1
0.67 -1
0.68 -1
0.69 -1
0.7 -1
0.71 -1
0.72 -1
0.73 -1
0.74 -1
0.75 -1
0.76 -1
0.77 -1
0.78 -1
0.79 -1
0.8 -1
0.81 -1
0.82 -1
0.83 -1
0.84 -1
0.85 -1
0.86 -1
0.87 -1
0.88 -1
0.89 -1
0.9 -1
0.91 -1
0.92 -1
0.93 -1
0.94 -1
0.95 -1
0.96 -1
0.97 -1
0.98 -1
0.99 -1
1 -1
ZONE T="timezone" SOLUTIONTIME=0.216
I = 100, F=POINT
0.01 1
0.02 1
0.03 1
0.04 1
0.05 1
0.06 1
0.07 1
0.08 0.9999
0.09 0.9998
0.1 0.9996
0.11 0.9992
0.12 0.9984
0.13 0.9968
0.14 0.9941
0.15 0.9895
0.16 0.9821
0.17 0.9707
0.18 0.9536
0.19 0.9293
0.2 0.8955
0.21 0.8503
0.22 0.7919
0.23 0.7188
0.24 0.6302
0.25 0.5263
0.26 0.4083
0.27 0.2782
0.28 0.1401
0.29 -0.003984
0.3 -0.1456
0.31 -0.2881
0.32 -0.4133
0.33 -0.5416
0.34 -0.6344
0.35 -0.742
0.36 -0.7965
0.37 -0.8806
0.38 -0.9022
0.39 -0.9607
0.4 -0.9619
0.41 -0.9943
0.42 -0.9891
0.43 -1.001
0.44 -0.9978
0.45 -1
0.46 -0.9999
0.47 -0.9999
0.48 -1
0.49 -1
0.5 -1
0.51 -1
0.52 -1
0.53 -1
0.54 -1
0.55 -1
0.56 -1
0.57 -1
0.58 -1
0.59 -1
0.6 -1
0.61 -1
0.62 -1
0.63 -1
0.64 -1
0.65 -1
0.66 -1
0.67 -1
0.68 -1
0.69 -1
0.7 -1
0.71 -1
0.72 -1
0.73 -1
0.74 -1
0.75 -1
0.76 -1
0.77 -1
0.78 -1
0.79 -1
0.8 -1
0.81 -1
0.82 -1
0.83 -1
0.84 -1
0.85 -1
0.86 -1
0.87 -1
0.88 -1
0.89 -1
0.9 -1
0.91 -1
0.92 -1
0.93 -1
0.94 -1
0.95 -1
0.96 -1
0.97 -1
0.98 -1
0.99 -1
1 -1
ZONE T="timezone" SOLUTIONTIME=0.222
I = 100, F=POINT
0.01 1
0.02 1
0.03 1
0.04 1
0.05 1
0.06 1
0.07 0.9999
0.08 0.9998
0.09 0.9997
0.1 0.9993
0.11 0.9985
0.12 0.9972
0.13 0.9947
0.14 0.9906
0.15 0.984
0.16 0.9738
0.17 0.9584
0.18 0.9365
0.19 0.9058
0.2 0.8646
0.21 0.811
0.22 0.7434
0.23 0.661
0.24 0.5634
0.25 0.4516
0.26 0.3274
0.27 0.1932
0.28 0.05378
0.29 -0.08938
0.3 -0.2266
0.31 -0.3638
0.32 -0.4801
0.33 -0.6008
0.34 -0.6831
0.35 -0.7824
0.36 -0.828
0.37 -0.904
0.38 -0.92
0.39 -0.9711
0.4 -0.9701
0.41 -0.9972
0.42 -0.9917
0.43 -1.001
0.44 -0.9983
0.45 -1
0.46 -0.9999
0.47 -0.9999
0.48 -1
0.49 -1
0.5 -1
0.51 -1
0.52 -1
0.53 -1
0.54 -1
0.55 -1
0.56 -1
0.57 -1
0.58 -1
0.59 -1
0.6 -1
0.61 -1
0.62 -1
0.63 -1
0.64 -1
0.65 -1
0.66 -1
0.67 -1
0.68 -1
0.69 -1
0.7 -1
0.71 -1
0.72 -1
0.73 -1
0.74 -1
0.75 -1
0.76 -1
0.77 -1
0.78 -1
0.79 -1
0.8 -1
0.81 -1
0.82 -1
0.83 -1
0.84 -1
0.85 -1
0.86 -1
0.87 -1
0.88 -1
0.89 -1
0.9 -1
0.91 -1
0.92 -1
0.93 -1
0.94 -1
0.95 -1
0.96 -1
0.97 -1
0.98 -1
0.99 -1
1 -1
ZONE T="timezone" SOLUTIONTIME=0.228
I = 100, F=POINT
0.01 1
0.02 1
0.03 1
0.04 1
0.05 1
0.06 0.9999
0.07 0.9999
0.08 0.9997
0.09 0.9994
0.1 0.9987
0.11 0.9975
0.12 0.9953
0.13 0.9916
0.14 0.9857
0.15 0.9765
0.16 0.9627
0.17 0.9429
0.18 0.9151
0.19 0.8775
0.2 0.8283
0.21 0.766
0.22 0.6894
0.23 0.598
0.24 0.4924
0.25 0.3738
0.26 0.2449
0.27 0.1081
0.28 -0.03093
0.29 -0.1718
0.3 -0.3033
0.31 -0.4345
0.32 -0.5414
0.33 -0.6544
0.34 -0.7265
0.35 -0.8179
0.36 -0.8554
0.37 -0.9236
0.38 -0.9349
0.39 -0.9792
0.4 -0.9766
0.41 -0.9992
0.42 -0.9936
0.43 -1.001
0.44 -0.9987
0.45 -1
0.46 -0.9999
0.47 -0.9999
0.48 -1
0.49 -1
0.5 -1
0.51 -1
0.52 -1
0.53 -1
0.54 -1
0.55 -1
0.56 -1
0.57 -1
0.58 -1
0.59 -1
0.6 -1
0.61 -1
0.62 -1
0.63 -1
0.64 -1
0.65 -1
0.66 -1
0.67 -1
0.68 -1
0.69 -1
0.7 -1
0.71 -1
0.72 -1
0.73 -1
0.74 -1
0.75 -1
0.76 -1
0.77 -1
0.78 -1
0.79 -1
0.8 -1
0.81 -1
0.82 -1
0.83 -1
0.84 -1
0.85 -1
0.86 -1
0.87 -1
0.88 -1
0.89 -1
0.9 -1
0.91 -1
0.92 -1
0.93 -1
0.94 -1
0.95 -1
0.96 -1
0.97 -1
0.98 -1
0.99 -1
1 -1
ZONE T="timezone" SOLUTIONTIME=0.234
I = 100, F=POINT
0.01 1
0.02 1
0.03 1
0.04 1
0.05 0.9999
0.06 0.9999
0.07 0.9997
0.08 0.9994
0.09 0.9988
0.1 0.9977
0.11 0.9958
0.12 0.9925
0.13 0.9872
0.14 0.979
0.15 0.9666
0.16 0.9486
0.17 0.9234
0.18 0.8892
0.19 0.8442
0.2 0.7867
0.21 0.7156
0.22 0.6302
0.23 0.5306
0.24 0.4178
0.25 0.2938
0.26 0.1617
0.27 0.02387
0.28 -0.1132
0.29 -0.2506
0.3 -0.3753
0.31 -0.5
0.32 -0.5972
0.33 -0.7025
0.34 -0.7651
0.35 -0.8487
0.36 -0.8791
0.37 -0.9399
0.38 -0.9474
0.39 -0.9856
0.4 -0.9818
0.41 -1.001
0.42 -0.995
0.43 -1.001
0.44 -0.9991
0.45 -0.9999
0.46 -1
0.47 -1
0.48 -1
0.49 -1
0.5 -1
0.51 -1
0.52 -1
0.53 -1
0.54 -1
0.55 -1
0.56 -1
0.57 -1
0.58 -1
0.59 -1
0.6 -1
0.61 -1
0.62 -1
0.63 -1
0.64 -1
0.65 -1
0.66 -1
0.67 -1
0.68 -1
0.69 -1
0.7 -1
0.71 -1
0.72 -1
0.73 -1
0.74 -1
0.75 -1
0.76 -1
0.77 -1
0.78 -1
0.79 -1
0.8 -1
0.81 -1
0.82 -1
0.83 -1
0.84 -1
0.85 -1
0.86 -1
0.87 -1
0.88 -1
0.89 -1
0.9 -1
0.91 -1
0.92 -1
0.93 -1
0.94 -1
0.95 -1
0.96 -1
0.97 -1
0.98 -1
0.99 -1
1 -1
ZONE T="timezone" SOLUTIONTIME=0.24
I = 100, F=POINT
0.01 1
0.02 1
0.03 1
0.04 0.9999
0.05 0.9999
0.06 0.9997
0.07 0.9995
0.08 0.9989
0.09 0.998
0.1 0.9962
0.11 0.9933
0.12 0.9886
0.13 0.9811
0.14 0.97
0.15 0.9538
0.16 0.931
0.17 0.8998
0.18 0.8586
0.19 0.8057
0.2 0.7398
0.21 0.66
0.22 0.5663
0.23 0.4593
0.24 0.3406
0.25 0.2125
0.26 0.07869
0.27 -0.05868
0.28 -0.1924
0.29 -0.3253
0.3 -0.4424
0.31 -0.5601
0.32 -0.6478
0.33 -0.7454
0.34 -0.7991
0.35 -0.8752
0.36 -0.8995
0.37 -0.9534
0.38 -0.9579
0.39 -0.9905
0.4 -0.9858
0.41 -1.002
0.42 -0.996
0.43 -1.001
0.44 -0.9993
0.45 -0.9999
0.46 -1
0.47 -1
0.48 -1
0.49 -1
0.5 -1
0.51 -1
0.52 -1
0.53 -1
0.54 -1
0.55 -1
0.56 -1
0.57 -1
0.58 -1
0.59 -1
0.6 -1
0.61 -1
0.62 -1
0.63 -1
0.64 -1
0.65 -1
0.66 -1
0.67 -1
0.68 -1
0.69 -1
0.7 -1
0.71 -1
0.72 -1
0.73 -1
0.74 -1
0.75 -1
0.76 -1
0.77 -1
0.78 -1
0.79 -1
0.8 -1
0.81 -1
0.82 -1
0.83 -1
0.84 -1
0.85 -1
0.86 -1
0.87 -1
0.88 -1
0.89 -1
0.9 -1
0.91 -1
0.92 -1
0.93 -1
0.94 -1
0.95 -1
0.96 -1
0.97 -1
0.98 -1
0.99 -1
1 -1
ZONE T="timezone" SOLUTIONTIME=0.246
I = 100, F=POINT
0.01 1
0.02 1
0.03 1
0.04 0.9999
0.05 0.9998
0.06 0.9995
0.07 0.999
0.08 0.9982
0.09 0.9966
0.1 0.994
0.11 0.9898
0.12 0.9831
0.13 0.9731
0.14 0.9585
0.15 0.9378
0.16 0.9094
0.17 0.8717
0.18 0.8231
0.19 0.7621
0.2 0.6877
0.21 0.5997
0.22 0.4984
0.23 0.385
0.24 0.2617
0.25 0.1308
0.26 -0.003144
0.27 -0.1388
0.28 -0.2679
0.29 -0.3955
0.3 -0.5044
0.31 -0.615
0.32 -0.6933
0.33 -0.7834
0.34 -0.8291
0.35 -0.898
0.36 -0.9169
0.37 -0.9643
0.38 -0.9665
0.39 -0.9942
0.4 -0.9889
0.41 -1.002
0.42 -0.9967
0.43 -1.001
0.44 -0.9995
0.45 -0.9999
0.46 -1
0.47 -1
0.48 -1
0.49 -1
0.5 -1
0.51 -1
0.52 -1
0.53 -1
0.54 -1
0.55 -1
0.56 -1
0.57 -1
0.58 -1
0.59 -1
0.6 -1
0.61 -1
0.62 -1
0.63 -1
0.64 -1
0.65 -1
0.66 -1
0.67 -1
0.68 -1
0.69 -1
0.7 -1
0.71 -1
0.72 -1
0.73 -1
0.74 -1
0.75 -1
0.76 -1
0.77 -1
0.78 -1
0.79 -1
0.8 -1
0.81 -1
0.82 -1
0.83 -1
0.84 -1
0.85 -1
0.86 -1
0.87 -1
0.88 -1
0.89 -1
0.9 -1
0.91 -1
0.92 -1
0.93 -1
0.94 -1
0.95 -1
0.96 -1
0.97 -1
0.98 -1
0.99 -1
1 -1
ZONE T="timezone" SOLUTIONTIME=0.252
I = 100, F=POINT
0.01 1
0.02 1
0.03 0.9999
0.04 0.9998
0.05 0.9996
0.06 0.9991
0.07 0.9984
0.08 0.997
0.09 0.9946
0.1 0.9908
0.11 0.9849
0.12 0.9759
0.13 0.9627
0.14 0.9439
0.15 0.9181
0.16 0.8837
0.17 0.839
0.18 0.7825
0.19 0.7133
0.2 0.6308
0.21 0.5351
0.22 0.4271
0.23 0.3084
0.24 0.1818
0.25 0.04964
0.26 -0.08308
0.27 -0.2159
0.28 -0.3394
0.29 -0.461
0.3 -0.5614
0.31 -0.6648
0.32 -0.734
0.33 -0.8169
0.34 -0.8552
0.35 -0.9173
0.36 -0.9318
0.37 -0.9732
0.38 -0.9736
0.39 -0.9969
0.4 -0.9913
0.41 -1.003
0.42 -0.9972
0.43 -1.001
0.44 -0.9997
0.45 -0.9999
0.46 -1
0.47 -1
0.48 -1
0.49 -1
0.5 -1
0.51 -1
0.52 -1
0.53 -1
0.54 -1
0.55 -1
0.56 -1
0.57 -1
0.58 -1
0.59 -1
0.6 -1
0.61 -1
0.62 -1
0.63 -1
0.64 -1
0.65 -1
0.66 -1
0.67 -1
0.68 -1
0.69 -1
0.7 -1
0.71 -1
0.72 -1
0.73 -1
0.74 -1
0.75 -1
0.76 -1
0.77 -1
0.78 -1
0.79 -1
0.8 -1
0.81 -1
0.82 -1
0.83 -1
0.84 -1
0.85 -1
0.86 -1
0.87 -1
0.88 -1
0.89 -1
0.9 -1
0.91 -1
0.92 -1
0.93 -1
0.94 -1
0.95 -1
0.96 -1
0.97 -1
0.98 -1
0.99 -1
1 -1
ZONE T="timezone" SOLUTIONTIME=0.258
I = 100, F=POINT
0.01 1
0.02 0.9999
0.03 0.9998
0.04 0.9996
0.05 0.9992
0.06 0.9985
0.07 0.9973
0.08 0.9952
0.09 0.9918
0.1 0.9864
0.11 0.9783
0.12 0.9664
0.13 0.9495
0.14 0.926
0.15 0.8945
0.16 0.8535
0.17 0.8014
0.18 0.737
0.19 0.6598
0.2 0.5696
0.21 0.4669
0.22 0.3532
0.23 0.2305
0.24 0.1019
0.25 -0.03026
0.26 -0.1605
0.27 -0.2894
0.28 -0.4064
0.29 -0.5218
0.3 -0.6134
0.31 -0.7097
0.32 -0.7703
0.33 -0.8463
0.34 -0.878
0.35 -0.9337
0.36 -0.9443
0.37 -0.9803
0.38 -0.9793
0.39 -0.9988
0.4 -0.9931
0.41 -1.003
0.42 -0.9977
0.43 -1.001
0.44 -0.9998
0.45 -0.9999
0.46 -1
0.47 -1
0.48 -1
0.49 -1
0.5 -1
0.51 -1
0.52 -1
0.53 -1
0.54 -1
0.55 -1
0.56 -1
0.57 -1
0.58 -1
0.59 -1
0.6 -1
0.61 -1
0.62 -1
0.63 -1
0.64 -1
0.65 -1
0.66 -1
0.67 -1
0.68 -1
0.69 -1
0.7 -1
0.71 -1
0.72 -1
0.73 -1
0.74 -1
0.75 -1
0.76 -1
0.77 -1
0.78 -1
0.79 -1
0.8 -1
0.81 -1
0.82 -1
0.83 -1
0.84 -1
0.85 -1
0.86 -1
0.87 -1
0.88 -1
0.89 -1
0.9 -1
0.91 -1
0.92 -1
0.93 -1
0.94 -1
0.95 -1
0.96 -1
0.97 -1
0.98 -1
0.99 -1
1 -1
ZONE T="timezone" SOLUTIONTIME=0.264
I = 100, F=POINT
0.01 0.9999
0.02 0.9998
0.03 0.9996
0.04 0.9993
0.05 0.9987
0.06 0.9976
0.07 0.9957
0.08 0.9926
0.09 0.9879
0.1 0.9806
0.11 0.9698
0.12 0.9545
0.13 0.9331
0.14 0.9044
0.15 0.8667
0.16 0.8186
0.17 0.7589
0.18 0.6868
0.19 0.6019
0.2 0.5045
0.21 0.3957
0.22 0.2775
0.23 0.152
0.24 0.02278
0.25 -0.1082
0.26 -0.2347
0.27 -0.359
0.28 -0.4689
0.29 -0.5777
0.3 -0.6606
0.31 -0.7499
0.32 -0.8025
0.33 -0.8718
0.34 -0.8977
0.35 -0.9474
0.36 -0.955
0.37 -0.9858
0.38 -0.984
0.39 -1
0.4 -0.9945
0.41 -1.003
0.42 -0.9981
0.43 -1
0.44 -0.9999
0.45 -0.9999
0.46 -1
0.47 -1
0.48 -1
0.49 -1
0.5 -1
0.51 -1
0.52 -1
0.53 -1
0.54 -1
0.55 -1
0.56 -1
0.57 -1
0.58 -1
0.59 -1
0.6 -1
0.61 -1
0.62 -1
0.63 -1
0.64 -1
0.65 -1
0.66 -1
0.67 -1
0.68 -1
0.69 -1
0.7 -1
0.71 -1
0.72 -1
0.73 -1
0.74 -1
0.75 -1
0.76 -1
0.77 -1
0.78 -1
0.79 -1
0.8 -1
0.81 -1
0.82 -1
0.83 -1
0.84 -1
0.85 -1
0.86 -1
0.87 -1
0.88 -1
0.89 -1
0.9 -1
0.91 -1
0.92 -1
0.93 -1
0.94 -1
0.95 -1
0.96 -1
0.97 -1
0.98 -1
0.99 -1
1 -1
ZONE T="timezone" SOLUTIONTIME=0.27
I = 100, F=POINT
0.01 0.9998
0.02 0.9997
0.03 0.9994
0.04 0.9988
0.05 0.9978
0.06 0.9961
0.07 0.9934
0.08 0.9891
0.09 0.9826
0.1 0.9729
0.11 0.959
0.12 0.9396
0.13 0.9134
0.14 0.8788
0.15 0.8345
0.16 0.7791
0.17 0.7118
0.18 0.632
0.19 0.5399
0.2 0.4362
0.21 0.3224
0.22 0.2007
0.23 0.07364
0.24 -0.0549
0.25 -0.1836
0.26 -0.3054
0.27 -0.4245
0.28 -0.5268
0.29 -0.6289
0.3 -0.7033
0.31 -0.7858
0.32 -0.8309
0.33 -0.8939
0.34 -0.9147
0.35 -0.9587
0.36 -0.9638
0.37 -0.9901
0.38 -0.9878
0.39 -1.001
0.4 -0.9956
0.41 -1.002
0.42 -0.9984
0.43 -1
0.44 -1
0.45 -0.9999
0.46 -1
0.47 -1
0.48 -1
0.49 -1
0.5 -1
0.51 -1
0.52 -1
0.53 -1
0.54 -1
0.55 -1
0.56 -1
0.57 -1
0.58 -1
0.59 -1
0.6 -1
0.61 -1
0.62 -1
0.63 -1
0.64 -1
0.65 -1
0.66 -1
0.67 -1
0.68 -1
0.69 -1
0.7 -1
0.71 -1
0.72 -1
0.73 -1
0.74 -1
0.75 -1
0.76 -1
0.77 -1
0.78 -1
0.79 -1
0.8 -1
0.81 -1
0.82 -1
0.83 -1
0.84 -1
0.85 -1
0.86 -1
0.87 -1
0.88 -1
0.89 -1
0.9 -1
0.91 -1
0.92 -1
0.93 -1
0.94 -1
0.95 -1
0.96 -1
0.97 -1
0.98 -1
0.99 -1
1 -1
ZONE T="timezone" SOLUTIONTIME=0.276
I = 100, F=POINT
0.01 0.9997
0.02 0.9994
0.03 0.9989
0.04 0.998
0.05 0.9965
0.06 0.9941
0.07 0.9902
0.08 0.9843
0.09 0.9756
0.1 0.963
0.11 0.9454
0.12 0.9215
0.13 0.8898
0.14 0.849
0.15 0.7977
0.16 0.735
0.17 0.6602
0.18 0.5732
0.19 0.4744
0.2 0.3653
0.21 0.2475
0.22 0.1237
0.23 -0.003784
0.24 -0.1305
0.25 -0.2559
0.26 -0.3722
0.27 -0.4855
0.28 -0.58
0.29 -0.6754
0.3 -0.7416
0.31 -0.8175
0.32 -0.8559
0.33 -0.9128
0.34 -0.9293
0.35 -0.9681
0.36 -0.9712
0.37 -0.9933
0.38 -0.9908
0.39 -1.001
0.4 -0.9964
0.41 -1.002
0.42 -0.9987
0.43 -1
0.44 -1
0.45 -1
0.46 -1
0.47 -1
0.48 -1
0.49 -1
0.5 -1
0.51 -1
0.52 -1
0.53 -1
0.54 -1
0.55 -1
0.56 -1
0.57 -1
0.58 -1
0.59 -1
0.6 -1
0.61 -1
0.62 -1
0.63 -1
0.64 -1
0.65 -1
0.66 -1
0.67 -1
0.68 -1
0.69 -1
0.7 -1
0.71 -1
0.72 -1
0.73 -1
0.74 -1
0.75 -1
0.76 -1
0.77 -1
0.78 -1
0.79 -1
0.8 -1
0.81 -1
0.82 -1
0.83 -1
0.84 -1
0.85 -1
0.86 -1
0.87 -1
0.88 -1
0.89 -1
0.9 -1
0.91 -1
0.92 -1
0.93 -1
0.94 -1
0.95 -1
0.96 -1
0.97 -1
0.98 -1
0.99 -1
1 -1
ZONE T="timezone" SOLUTIONTIME=0.282
I = 100, F=POINT
0.01 0.9995
0.02 0.999
0.03 0.9982
0.04 0.9969
0.05 0.9947
0.06 0.9912
0.07 0.9859
0.08 0.9781
0.09 0.9667
0.1 0.9507
0.11 0.9289
0.12 0.8999
0.13 0.8623
0.14 0.8149
0.15 0.7565
0.16 0.6864
0.17 0.6044
0.18 0.5106
0.19 0.4061
0.2 0.2925
0.21 0.1718
0.22 0.04707
0.23 -0.07964
0.24 -0.2034
0.25 -0.3248
0.26 -0.4349
0.27 -0.5422
0.28 -0.6287
0.29 -0.7174
0.3 -0.7758
0.31 -0.8454
0.32 -0.8777
0.33 -0.929
0.34 -0.9418
0.35 -0.9757
0.36 -0.9773
0.37 -0.9957
0.38 -0.9931
0.39 -1.001
0.4 -0.997
0.41 -1.002
0.42 -0.999
0.43 -1
0.44 -1
0.45 -1
0.46 -1
0.47 -1
0.48 -1
0.49 -1
0.5 -1
0.51 -1
0.52 -1
0.53 -1
0.54 -1
0.55 -1
0.56 -1
0.57 -1
0.58 -1
0.59 -1
0.6 -1
0.61 -1
0.62 -1
0.63 -1
0.64 -1
0.65 -1
0.66 -1
0.67 -1
0.68 -1
0.69 -1
0.7 -1
0.71 -1
0.72 -1
0.73 -1
0.74 -1
0.75 -1
0.76 -1
0.77 -1
0.78 -1
0.79 -1
0.8 -1
0.81 -1
0.82 -1
0.83 -1
0.84 -1
0.85 -1
0.86 -1
0.87 -1
0.88 -1
0.89 -1
0.9 -1
0.91 -1
0.92 -1
0.93 -1
0.94 -1
0.95 -1
0.96 -1
0.97 -1
0.98 -1
0.99 -1
1 -1
ZONE T="timezone" SOLUTIONTIME=0.288
I = 100, F=POINT
0.01 0.9991
0.02 0.9984
0.03 0.9972
0.04 0.9953
0.05 0.9921
0.06 0.9874
0.07 0.9803
0.08 0.97
0.09 0.9555
0.1 0.9356
0.11 0.9091
0.12 0.8745
0.13 0.8307
0.14 0.7764
0.15 0.7109
0.16 0.6336
0.17 0.5448
0.18 0.445
0.19 0.3356
0.2 0.2186
0.21 0.09611
0.22 -0.02844
0.23 -0.1534
0.24 -0.2733
0.25 -0.39
0.26 -0.4934
0.27 -0.5944
0.28 -0.673
0.29 -0.7552
0.3 -0.8063
0.31 -0.8699
0.32 -0.8968
0.33 -0.9427
0.34 -0.9524
0.35 -0.9818
0.36 -0.9822
0.37 -0.9975
0.38 -0.995
0.39 -1.001
0.4 -0.9976
0.41 -1.002
0.42 -0.9993
0.43 -1
0.44 -1
0.45 -1
0.46 -1
0.47 -1
0.48 -1
0.49 -1
0.5 -1
0.51 -1
0.52 -1
0.53 -1
0.54 -1
0.55 -1
0.56 -1
0.57 -1
0.58 -1
0.59 -1
0.6 -1
0.61 -1
0.62 -1
0.63 -1
0.64 -1
0.65 -1
0.66 -1
0.67 -1
0.68 -1
0.69 -1
0.7 -1
0.71 -1
0.72 -1
0.73 -1
0.74 -1
0.75 -1
0.76 -1
0.77 -1
0.78 -1
0.79 -1
0.8 -1
0.81 -1
0.82 -1
0.83 -1
0.84 -1
0.85 -1
0.86 -1
0.87 -1
0.88 -1
0.89 -1
0.9 -1
0.91 -1
0.92 -1
0.93 -1
0.94 -1
0.95 -1
0.96 -1
0.97 -1
0.98 -1
0.99 -1
1 -1
ZONE T="timezone" SOLUTIONTIME=0.294
I = 100, F=POINT
0.01 0.9985
0.02 0.9975
0.03 0.9958
0.04 0.993
0.05 0.9887
0.06 0.9822
0.07 0.9729
0.08 0.9598
0.09 0.9417
0.1 0.9174
0.11 0.8857
0.12 0.8452
0.13 0.7948
0.14 0.7336
0.15 0.661
0.16 0.5769
0.17 0.4819
0.18 0.3769
0.19 0.2635
0.2 0.1442
0.21 0.02101
0.22 -0.1023
0.23 -0.2245
0.24 -0.3397
0.25 -0.4512
0.26 -0.5475
0.27 -0.6422
0.28 -0.713
0.29 -0.789
0.3 -0.8333
0.31 -0.8912
0.32 -0.9133
0.33 -0.9543
0.34 -0.9612
0.35 -0.9867
0.36 -0.9862
0.37 -0.9987
0.38 -0.9963
0.39 -1.001
0.4 -0.998
0.41 -1.001
0.42 -0.9995
0.43 -0.9999
0.44 -1
0.45 -1
0.46 -1
0.47 -1
0.48 -1
0.49 -1
0.5 -1
0.51 -1
0.52 -1
0.53 -1
0.54 -1
0.55 -1
0.56 -1
0.57 -1
0.58 -1
0.59 -1
0.6 -1
0.61 -1
0.62 -1
0.63 -1
0.64 -1
0.65 -1
0.66 -1
0.67 -1
0.68 -1
0.69 -1
0.7 -1
0.71 -1
0.72 -1
0.73 -1
0.74 -1
0.75 -1
0.76 -1
0.77 -1
0.78 -1
0.79 -1
0.8 -1
0.81 -1
0.82 -1
0.83 -1
0.84 -1
0.85 -1
0.86 -1
0.87 -1
0.88 -1
0.89 -1
0.9 -1
0.91 -1
0.92 -1
0.93 -1
0.94 -1
0.95 -1
0.96 -1
0.97 -1
0.98 -1
0.99 -1
1 -1
ZONE T="timezone" SOLUTIONTIME=0.3
I = 100, F=POINT
0.01 0.9977
0.02 0.9962
0.03 0.9937
0.04 0.9898
0.05 0.984
0.06 0.9756
0.07 0.9637
0.08 0.9472
0.09 0.925
0.1 0.8959
0.11 0.8585
0.12 0.8118
0.13 0.7547
0.14 0.6866
0.15 0.6072
0.16 0.5168
0.17 0.4162
0.18 0.3068
0.19 0.1905
0.2 0.06991
0.21 -0.05286
0.22 -0.1738
0.23 -0.2925
0.24 -0.4024
0.25 -0.5083
0.26 -0.5974
0.27 -0.6858
0.28 -0.7491
0.29 -0.8191
0.3 -0.8572
0.31 -0.9097
0.32 -0.9275
0.33 -0.9639
0.34 -0.9687
0.35 -0.9905
0.36 -0.9894
0.37 -0.9995
0.38 -0.9973
0.39 -1.001
0.4 -0.9985
0.41 -1.001
0.42 -0.9997
0.43 -0.9999
0.44 -1
0.45 -1
0.46 -1
0.47 -1
0.48 -1
0.49 -1
0.5 -1
0.51 -1
0.52 -1
0.53 -1
0.54 -1
0.55 -1
0.56 -1
0.57 -1
0.58 -1
0.59 -1
0.6 -1
0.61 -1
0.62 -1
0.63 -1
0.64 -1
0.65 -1
0.66 -1
0.67 -1
0.68 -1
0.69 -1
0.7 -1
0.71 -1
0.72 -1
0.73 -1
0.74 -1
0.75 -1
0.76 -1
0.77 -1
0.78 -1
0.79 -1
0.8 -1
0.81 -1
0.82 -1
0.83 -1
0.84 -1
0.85 -1
0.86 -1
0.87 -1
0.88 -1
0.89 -1
0.9 -1
0.91 -1
0.92 -1
0.93 -1
0.94 -1
0.95 -1
0.96 -1
0.97 -1
0.98 -1
0.99 -1
1 -1
